0100000 | 040 | 032 | 20 |  
0100001 | 041 | 033 | 21 | !
0100010 | 042 | 034 | 22 | "
0100011 | 043 | 035 | 23 | #
0100100 | 044 | 036 | 24 | $
0100101 | 045 | 037 | 25 | %
0100110 | 046 | 038 | 26 | &
0100111 | 047 | 039 | 27 | '
0101000 | 050 | 040 | 28 | (
0101001 | 051 | 041 | 29 | )
0101010 | 052 | 042 | 2a | *
0101011 | 053 | 043 | 2b | +
0101100 | 054 | 044 | 2c | ,
0101101 | 055 | 045 | 2d | -
0101110 | 056 | 046 | 2e | .
0101111 | 057 | 047 | 2f | /
0110000 | 060 | 048 | 30 | 0
0110001 | 061 | 049 | 31 | 1
0110010 | 062 | 050 | 32 | 2
0110011 | 063 | 051 | 33 | 3
0110100 | 064 | 052 | 34 | 4
0110101 | 065 | 053 | 35 | 5
0110110 | 066 | 054 | 36 | 6
0110111 | 067 | 055 | 37 | 7
0111000 | 070 | 056 | 38 | 8
0111001 | 071 | 057 | 39 | 9
0111010 | 072 | 058 | 3a | :
0111011 | 073 | 059 | 3b | ;
0111100 | 074 | 060 | 3c | <
0111101 | 075 | 061 | 3d | =
0111110 | 076 | 062 | 3e | >
0111111 | 077 | 063 | 3f | ?
1000000 | 100 | 064 | 40 | @
1000001 | 101 | 065 | 41 | A
1000010 | 102 | 066 | 42 | B
1000011 | 103 | 067 | 43 | C
1000100 | 104 | 068 | 44 | D
1000101 | 105 | 069 | 45 | E
1000110 | 106 | 070 | 46 | F
1000111 | 107 | 071 | 47 | G
1001000 | 110 | 072 | 48 | H
1001001 | 111 | 073 | 49 | I
1001010 | 112 | 074 | 4a | J
1001011 | 113 | 075 | 4b | K
1001100 | 114 | 076 | 4c | L
1001101 | 115 | 077 | 4d | M
1001110 | 116 | 078 | 4e | N
1001111 | 117 | 079 | 4f | O
1010000 | 120 | 080 | 50 | P
1010001 | 121 | 081 | 51 | Q
1010010 | 122 | 082 | 52 | R
1010011 | 123 | 083 | 53 | S
1010100 | 124 | 084 | 54 | T
1010101 | 125 | 085 | 55 | U
1010110 | 126 | 086 | 56 | V
1010111 | 127 | 087 | 57 | W
1011000 | 130 | 088 | 58 | X
1011001 | 131 | 089 | 59 | Y
1011010 | 132 | 090 | 5a | Z
1011011 | 133 | 091 | 5b | [
1011100 | 134 | 092 | 5c | \
1011101 | 135 | 093 | 5d | ]
1011110 | 136 | 094 | 5e | ^
1011111 | 137 | 095 | 5f | _
1100000 | 140 | 096 | 60 | `
1100001 | 141 | 097 | 61 | a
1100010 | 142 | 098 | 62 | b
1100011 | 143 | 099 | 63 | c
1100100 | 144 | 100 | 64 | d
1100101 | 145 | 101 | 65 | e
1100110 | 146 | 102 | 66 | f
1100111 | 147 | 103 | 67 | g
1101000 | 150 | 104 | 68 | h
1101001 | 151 | 105 | 69 | i
1101010 | 152 | 106 | 6a | j
1101011 | 153 | 107 | 6b | k
1101100 | 154 | 108 | 6c | l
1101101 | 155 | 109 | 6d | m
1101110 | 156 | 110 | 6e | n
1101111 | 157 | 111 | 6f | o
1110000 | 160 | 112 | 70 | p
1110001 | 161 | 113 | 71 | q
1110010 | 162 | 114 | 72 | r
1110011 | 163 | 115 | 73 | s
1110100 | 164 | 116 | 74 | t
1110101 | 165 | 117 | 75 | u
1110110 | 166 | 118 | 76 | v
1110111 | 167 | 119 | 77 | w
1111000 | 170 | 120 | 78 | x
1111001 | 171 | 121 | 79 | y
1111010 | 172 | 122 | 7a | z
1111011 | 173 | 123 | 7b | {
1111100 | 174 | 124 | 7c | |
1111101 | 175 | 125 | 7d | }
1111110 | 176 | 126 | 7e | ~
